698

s2. 10. 66, 24. 666. 66, 66. 65.

luder nominum

nemetim 61. 7, 22). 111, 1616611-

23. 96, 8, 14 (nomeu interpretatur gine, rebus gestis, posteris 61. 112,

homo). 97, 5, 6. 99, 16. 17, 20.
100,16. 101, 12, 25. 102. 11, 15.
103, 25. 104, 5, 8, 16. 105, 2, 8.
106, 11. 107, 13, 16.113,17.141,
24, 143, 20. 153, 25. 16221. 167,
18. 176, 5. 328, 9, 331, 2. 545, 6.
635, 19. 636, 7. 667, 11. 669, 21.

13. 16. 22. 113, 23. 114. 6. 122,
8 [66 Troianis 616 66666116 u. 129,
6. 16. 273, 13. 474, 12], 9. 126.
13, 22. 129, 6. Π 100, 7. 292, 22,
27. 293,15, 17. 294, 1 22) 124,
27 (Ι6661616166; 61. 462. 17). 121,
6) hostemrlole13 de mente uirtutis

Adeone Ι 189, 3. 305, 6.· regnum 61616661661.414,16). 162,
Admetus 11 285, 1 (61. Apollo). 2 (derso 1161161616 61. 1129312294,
166666) 1286, 8. 20). II 10, 19 (de animis 66 661-
Adrastos Cyzicenus mathematicus 6 pore redituris sententia).

Varrone 6616166 115314. 16661666 l 124. 7.

Aegialeus. rex Sicyoniorum, 11 270, 5. Aeolus I 7, 17.

Aegyptii s. Aegyptus (v. 66666, 1616, aerarium 1 144, 14. 238, 16. 242. 23.
Cynocephalus.Hermes'l'rismegistus, 243, 14. 250, 14.
16161166,061116,Ρ116166,Ρ1616166666, Aeschines Atheniensis, oum adulescens
Serapis) 195, 2 (6661166661661;61. tragoediae 661116616661, rom publi· ³
404, 21). 369, 4 (sepientes habiti 6616 66666616111 13. 8. l
ε11111161.370,19.11120,6.3276. 1666616666, Argentini dei pater, 1 ¹

339,1,25 61 Porphyrii de Aegyptia 189, 9, 15. 199, 26.

6661661161661616161467. 10, 17). 16666166166 1 122. 22 (Epidauro
372, 12 (6611616166 Aeg. Plato per 61611611 6611616661, 61. 13325. 139,
16161616166 6161611; 61. 358, 24. 371, 11. 474, 14) - (6616666 Ε. adhae-
25). 395, 9 (Esaias prophetat; 61. 611.) 123, 5 (matris deum pronepos).

398, 8). 11 149, 26 (ex 1116616116.
6116011661, perhibentur 616111).158,
27 (regnum emiuene; ol. 159, 10.
419, 26). 160, 20(111611661;61. 161,
2,9. 180, 24). 170, 5 (flumen 61.
206. 22). 280, 2 (61166166 Deuca·

140, 12 (1166116 66 praesente pesti·
166116 6666111; 61. r. 3 61 18189,

25). 190, 14 (Varro quur 1666· .
61166666661161611).193,1 (tuom ;

6666161666 661661666 Varro dicit,
61. 362, 3. 403, 26. 404. 5).

116616 66 Aeg. 666 peruenit). 521, 1611166ἸΙ235,28. 241, 13.
29 (6666). - 661616611161661 serui- Aethiopes 11 149, 27. 314, 9. Aethi·

tute Aegyptia 61207, 23. 208, 3.

373, 12. 466, 16. 11. 25. 616, e. Aetna 1 rer, e. Aetnaei ignes 1 rso. ,

1179, 25. 133, 26, 150, 15. 158,

6616 ΙΙ 272, 1. 319, 6.

15; 61. 11517, 6.

18, 168, 19. 21. 169, 6. 195, 2. 1161 u. Antaeus, Regulus.
196 r. 197, l. 19, 25. 198, 10. 200, 111166 I 159, 20. 160, 22. 483, 6.

ae. 201 s. 666, 15. 222, 11. 222, 11,
24. 213, 1. 274, 18. 2151. 211. s.

ΙΙ 137, 22. 159 6. 342, 22. 361. 22.
520, 16.

280, 2. 281, 8. 358, 20, 23, 25. Alrious (uentus 6166 regio 16666111

Aeneas 1 6, 11 (de Troiae excidio

162, 4. 193, 16. 313, 11.

 

