INDEX LOOORVM

SACRAE SCRIPTVRAE.

Gen. 1,1. .,.1514 77. 515, 4. Gen.3, 23. . . . . Π475, 13.
573, 3. 560, 70, 561, 1. 4, 1 ..1189, 75. 96, 3,
564,,.,474597 1, 4 quq ,1,1685,,.,697770
1,1sq...,137217. 5,,71 4.
17 15618 417 .ΙΙ,7319,
1,3,1547,3.560,15.567,19.4,18ο(1(1.,,,.. Π 96, 75.
1, 3sqq... ,1540 8. 547, 7. 4, 73, ,11 106, 18,
1, 4. ,15411 3. 545, 6567, 71 4, 75 ,1113 78090, 7, 98,15.
Ι, 4

5,1ΜΜ ms. ..nwffiwfflq
lu.. wmfflwfilq. ...mqq
105.Η.ᾗ135552.Η,Η,ΠΜΜ

’ qu .ΙΜ30οΜ553ΜΗ,ΗΜΜΜΜ

1, 76 sq. .. ,ΙΙ 136, 5, 890, 37. 5, 4sqq. ..1172,25. 91, 9.
1,77ε(1...,..,1146,4, 5,18 ,.,.,.,Π85,8.
1, 28 .1176,8. 44, 75. 45, 13, 16, 5, 31 ΙΙ 74,18.
647, 8. 6, lsqq. ..... 11111,17.
1,31..,,,,,,.1545,1. 6,7 ,,.,.,.11108,17,
7, 7111. 1166871. 6, 3·. .. 11114,77.487, 19.
7, 6,,.,..,..1653,73. 6,4 ,,,.,.,.1114,3.
7, 7.1650, 6. 657, 17. 053, 7, 6, 51111, 11115, 16.
70. 654, 11. 655, 74. 6, 6 , . . . , . . ΙΙ 77, 3.
7,171633,7,648,19,11175,17. 6, 9 ...11116,17,150,75.
771511. 11675,70,77, 6,16 11117,78.
2,75 ,,,,,,,, II 39, 3. 7,6..,.,.,11 7871.
3,5,.,..1133,4.669,7.7,10611.,,..,,1186,74.
3,6 ........ ΙΙ 39,10. 7,11 ,,.,.,.11115, 6.
3, 7 ........ 1139,19, 7,77 ,,.,.,.,1657,18.
3,,,9.,...163315.64910, 8, 4uq..... .. 1187, 8.
3,17 ,,,,,,,, II 30, 7. 8,.70 ,11 95,14.
312 sq ,ΙΙ 34, 6 9,.711117617.
3,Ιὸ ........ 1171,51 9,25sqq. 1117319400, 9.
3,.19 1633 70 30 649 ll 10, 1,1113114,
11477, 310, 5 ’11131,16,20.

 

