41 rerum.

bellis uastata 1 143, 21. 147, 11.
150, 14. 153, 6. 167, 25. 257, 16.
Iterduea 1441 305, 4, 9,

713

mnmnmmmn
nmnmaQn

Iudith 11 802, 29.

Iudaea 1 872, 5. Il 74, 6. 300, 25. Ingatinua1178, 12. 179, 1. 291, 3.
311, 12, 18. 885, 14, 18. 343, 26. 141144441201,10 (41. 20. 256, 27.

351, 1. 355, 17. 446, 14134441
205, 15. 340, 19. 141441 (41. 414-
rendradqnila,Babyloniaoaptiuitas,

temeritati Terminus 444411). 262,
20. ΙΙ 355, 24, 29 (aput Antiochiam
Christianos exorneiauit).

codices, Darius, Graeci, Hebraei, Ι41144Ρ4444144Ι 130, 3.
Septuaginta). Ι 130, 12 (Christum Iuno (4. Aeneae, 11444, Venus) Ι 7. 16

4441144441, 41. n. 14, 251, 10. II
71, 29. 125, 21. 126, 20. 183, 15.
195, 14. 254, 23. 344,11.345,11,
14. 508, 16, 28. 510, 17.). 298 a.
(a Seneca uituperati). 488, 19. 560,
25. ΙΙ 21, 15. 74, 7. 18618187,
25. 188, 6. 191, 3, 11. 200 4. 216,
5. 222, 4. 226, 4. 234, 7. 242, 11,
24. 255, 15. 256, 21. 305, 12, 21.
312, 3. 313, 5. 315, 27, 29. 322,
11, 20. 323, 23. 325. 25. 343, 6,
14. 346, 7, 8. 360, 17. 412 a. 418,
10. 432, 21. 498, 11. 502, 11. 503,
25. 504 4. 511, 19. 503, 16, 26.
564, 6. 606, 9. 608, 24.

14144 filius Iacob 11 74, 6. 92, 1, 4.
198, 9, 11. 199, 21. 274, 21. 305,

(41. 108, 1 Troianae 1414414). 9,
12 (asylum), 22 (14414 44444 41
conium 41. 174,12. 173, 7 -etiam
444144 - 305, 3). 174, 14 (in aere
eot; 41. n. 19 4121, 177,· 14, 22.
482, 5). 175, 21 (14444 eutr 41.
324, 27. 325, 17, 21. 343, 24). 124,
4 (Romanor fouebat); 41. 26 41
234, 9. 176, 25 (Vulcani mater).
248, 26 (aedes). 286, 5 (1411144144
insula Samo nuptum data 441 Ioni).
296, 9. 302, 9 (14144 1444 44144144
4 Varrone commemoratu 41. 26.
303, 1- Ι. Lacino -19. 304,
15. 305, 8. 362, 6). 318, 22, 25
(4 1444 444 diuersa). 355, 17. 482,
2,11.

13. 4 quo nornen accepit 141544 iuppiter (4.“1)14114,Η4444444,1444,

1.11 198. 9. 262 4. 263, 5. 264,

12. 265, 3, 296, 28. 300, 25. 304,

8. 312, 3. 328, 20. 344, 2. 497, 17.
14144 11444141444411 342, 1.

Indae traditor 131, 1711254, 12.

255, 2. 433, 4.

1411444 Hebraeorum 11 202, 14, 206,
· 21. 244, 9, 22, 28. 283, 19. 286,
14. 292, 26. 293, 1, 19, 26. 296,

26. - inferni I 35, 21.

Lyeurgus, 11444) 168, 17 (14 4141-
144114 stuprie aliisque flagitiis 41.
69, 22. 138, 27. 195, 28. 197, 10.
198, 16199, 4, 6. 315, 19, 22, 27.
339, 17. 11282, 3, 5. 284, 21, 24
414. Ganymedeo, Terentiae). 80,
3 (Neptuni 41Ρ1414414144144; cf.
110, 27. 334, 12). 98, 10 41 13
(14 Mithridate praenuntianit uic-
1441444 del. Romame iouente 41.

iudicium ultimum I 14, 7. 562, 7. ΙΙ
170, l. 218, 24. 325, 9. 362, 17.
424, 16. 425, 5. 426, 5. 428, 1.
430, 8. 433, 18. 466, 23, 470, 6.
483, 9. 484, 13, 489, l. 490, 23.

1244126, 23 - nepotes 14414
- 173, 25. 181, 10. 234, 8, 16).
137, 17 (44144; 41. 194, 1. 284,
18 - nutrix —- et n. 14444144,
Tarquinius Superbus, Terminus).

 

