INDEX NOMINVM 1111183711.

45155 idola fabricare 5515111129, 6. 155, 24156, 5, 19. 157, 6, 12. 23.
sacerdotes ex genere A. Ι 2, 20, 21. 158 5. 159, 28. 160, 4. 18. 161 sqq.
II 164, 12. 221, 19, 26. 222, 5, 5. 164, 19. 24. 165, 14. 23. 166 5.
12, 19, 28. 223, 7, 9, 18. 224, 7, 167. 1, 19, 2216855. 5. 170, 3,
16, 28. 225, 23. 226, 1, 21. 252, 12 (11555 111155 1155515 51. 1 645.
11. 484, 5. 16. Π 60, 1628. 31. 61, 28. 230,

456155 II 310, 20, 22. 311,1. 18), 15. 171, 1. 174, 7. 176, 25.

4551 1 451, 25. II 59, 4, 29. 65, 3, 177 eq.e. 1805. 18,1.6.26(111515
6, 17. 71, 30 (pastor ouium peee· 1151551515551511; 51. I 39, 22. 46,
5515 praefigurabat Christum paeto- 1711. 35, 13). 182, 7. 10. 22. 183,
rem 551551 1151515551). 89, 27. 90 13. 184, 14. 185, 9. 20. 186 5. 188,
6, 21. 95, 25. 98,3(qnod mterpre 11. 189, 3, 15. 191, 12.13.192,

15155155155), 12. 354, 2. 23. 108, 5. 200, 23. 201, 10 202,

455555151 qnod 551 Latine lapis 16. 2035. 204. 5, 24 (propheta
5111515515 Π 232, 2. nuncupatus, 51. 327, 20). 305, 6.

4555551 189, 3. 305, 5. 311, 3. 327, 29. 329, 18. 330, 15.

45151555 (sacerdes regnante Dauid) 669, 21, 26.

II 221. 26. Academia 1311, 19. 589, 3. 11 366, 12.
Α511551551111180,24.188, 15. 4554551511272, 15. 374, 29. 22.
Abraham, 51115 nocebatur Abram. qnod 551, 5. II 365, 15. 20. 366, 10. 14.

1515551515151551515155155511, 177, 16. 367, 4. 368, 20. 25. 369, 5.

8. gremium I. 24, 23 in semine 372, 23. 29. 31. 377, 21. 405, 10;

omnes gentes benedicentur 458, 51. 015515.

1. (51. 506, 5, 11 304, 12. 411. Acarnanes 1. annue.

4. 490, 13. 585, 21), Ι 458, 3. 4555, Faustuli uxor. Π 295, 20.

5, 7. 506, 19. 593, 9. 11 72, Achae 11296, 28. 303, 28.

15. 74, 23. 28. 75, 1. 88, 4. 455111551111, 4. 418, 6.

89. 18. 91, 26. 95. 11 (51151151-,455155 dux immanitatum 11 152,

cisio). 10019. 123, 12. 130, 20 17. 153. 3.

(Hebraei ex 4. dieti tamquam Achivi I 121, 13.

45555555). 143, 10, 18. 144, 1, 4115, 5155 Lamech,[I 96, 26.

14. 26. 145, 1, 2, 11. 147, 18, 4115151633, 15. 648, 3. 649, 10. 650.

23. 148, 14. 150, 5, 9, 13, 28. 151, 9, 24. 652, 4, 7. 659, 19. 11. 29 sq.

24. 152, 5. 7. 9. 153, 12. 26. 154 s. ι. 59, 9. 73,13, 25. 77, 3. 80, 10.

 

