712

Liber, Tylos). 1369, 5 (philosophi).
504, 6, 23, 25 (mores ad animum
liberandam pertinentes). 11 159, 2
(11166 - 61. 269, 7. 296, 19 -
Aegyptiis - II 159, 20 - non
subiacebunt). Indicus lapis 11519,
12, 17. 520, 25.

Index nominum

l. 132, 10, 22. 183, 6, 10, 25.
185, 5, 24. 186, 18.187,1,8.188,
ll, 27. 190, 4, 10. 191, 3, 19192,
29, 25. 198, 6. 206, 13. 207. 16.
270, 25, 28. 271, 12. 272, 13, 18.
311, 3. 336151616166616166 ‘risus'
11 181, 7.

1666666116 femina religiosissima Cur· Isis (n. 16) 1 404, 8, 15. 406, 9. 466,

thsginieusis 11 609, 10.
Innocentius homo religiosissimus Car·
thagiuiensis 11 597, 7.
Ino 11286, 1.
intercalares dies 1180, 26.
intercidona 6661 290, 21.

13. 11273, 21. 327, 21 (litteras
docuit Varrone auctore3 61. 330,
6, 28), 22.

ismael 11 60, 16. 61, 16, 30. 62,

16. or, 66, 16, 1⁴. 182, ir.
185, 66.

16 6661661616 66661161611 271, 30. Israel (16665) 11 194, 10. 195, 8.

165 1 18, 7. 43, 7. 11474. 23.

1656111 97, 1.

1656111 96, 27.

166111 304, 2.

16566666 666616166 ll 355 12. bsp-
11616186, 18. 449, 4.11 110, 23.
234, 30. 265, 21, 24, 29. 349, 18.
359, 20. eremita 1 263, 13.

16666 1 27, 11. 11304, 1. 339, 6, 15.
840, 3. 431, 14.

16616165116666511 354, 29. 355, 7.
368, 28. 369, 23.

Iordanes 1 476, 22 (siccum praebuit
transeundi locuni). 11 359, 20.
(Christus baptizatus est).

loseph 11 195, 3. 196, 11, 13, 17.
197, 3, 4, 26200, 28. 262, 29.
272, 17, 19. 273, 3. 274. 19. 275,
6, 9. 330. 15.

16616611 246, 20. 317, 14, 18.

lotham Π 303, 23, 28. 304, 2.

16616666 1 201, 20. 262, 20.

Ionius u. Honorius.

198, 8, 10. 271, 13. 343, 10, 23.
509, 27.1616666616161’616666116666
Il, 195, 17.245,11.

Israel siue 1666611166 6. israelitica

gens (6. Aegyptia seruitus, Baby·
lonis 6661161166, Hebraei, Paulus).
12, 22. 469, 28. 568, 27. 11 46,
22 (11561166 repudii). 74. 23. 84, 18.
101, 27. 124, 1712611148. 15.
152, 16. 157, 28. 1601216223,
31. 163, 15. 167, 2016919. 180,
5.188,2. 199, 22. 200, 22. 204,
6206, 3, 8. 213, 14. 214, 3, 7.
229 6. 230 6. 231 6. 240, 7, 21.
241, 14, 17, 29. 244, 6, 10, 22.
245, 10. 250, 13, 25, 27. 262, 14.
19, 26 (166616 tribua quus accepit
Hieroboam). 263, 5, 10, 18. 264,
16, 19. 265, 2. 266, 3. 267, 9. 293.
25. 294, 10. 296, 23. 297, 1. 303.
6, 21. 304, 18. 305 6. 326, 29. 328.
20. 334, 9. 342, 20. 345, 26. 346 s.
428, 14. 483. 19, 27. 507 s.

Iphigenia Agamemnonisfilis subtracta 116166 gentes 1 153, 10. italicae 1

cerua subposita est 11 292, 2.
Irenaeus collectarius 11 607, 9.
16666 (6. Abraham) II 62, 2688, 5.

91, 28. 169, 3, 14. 173, 20. 180,

257, 191. 5615661257, 22. philo·
sophorum 6661161354, 28. 355, l.
359, 1. 869, 1. 14.116116(61.11666616

magns, Lsnrentes, Liber, Plato)

 

