et 666666.

705

Cumae 6. Apollo, Graeci, Sibylla. 11. 429, 20. 431 e. 432 s. 433 6.
0661661 172, 6. 173, 10. 178, 10. 434, 3. 435, 17, 27. 436 s. 437 6.

189, 2. 194, 24. 208, 5. 438 6. 439 6. 440, 7, 15, 29. 443 s.
445, 3, 9. 458, 20. 400, 1468, 10.
475, 19. 481, 18. 482, 5, 9, 10. 490,
23. 492, 17, 22. 493, 15. 505, 7.
509, 4, 19. 545, 24, 28. 559, 9. ll
24, 15. 274, 1, 7. 278, 12235, 9.
239, 15, 22. 290, 11, 14, 19. 291,
2, 24. 292, 3, 13. 301, 8351, 23.
357, 25. 359, 3. 374, 27. 387, 10,
16. 403, 20. 409, 3. 410, 19. 414,
27. 415, 4, 16, 31. 416, 2027. 417,
5, 11. 420, 11. 425, 17, 24, 29,

Curiatii 1126, 18, 19, 27. 129, l.
066166118619. 241, 27. 248, 6.
Curubis prope cartilaginem 11 602,

4. 0666606666 quidam 6 psrelysi
baptismate saluus effecius est 11
601, 28.

Cynici 11 43, 16, 25. 44, 3. 365, 26.
367, 14, 20, 21. 368, 21, 25. 369,
3. 372, 25. 406, 5.

cynocephalus deus 1 79, 2. 123, 3.
Cynocephali 11 139, 16.

Cyprianus 1 405, 17.

cyrus rex Persarum etiem Chaldaeis
ei Assyriis impetebat l 170, 1611
302, 22; 61. 1 127, 29.

Cyzicenus 6. Adrastos.

464,13. 472, 6. 514, 13. 525 6.
526. 9. 537, 18, 20. 538, 2, 26, 27.
552, 5. 556, 23. 601, 20. 603, 7.
604, 4. 614, 6. 617, 9, 10, 12. 638,
16. 639, 9.
6666666161 64, 14. 172, 21. 183, 23.
Daedalus 11 234, 4. 192,1.195,19. 201, 1. 232, 18.
daemones (6. Apuleius, 06611, Porphy- 264, 25. 266, 21. 331, 14, 21. 332,
6166) 1 56, 15. 60, 23. 64, 26. 68, 5. 240, 13. 398, 17, 21. 399, 15.
10. 72, 6. 94, 1. 97, 12, 17. 98, 24. 437, 8. 491, 9. 11 604, 3.
99, 13, 24. 100, 6. 101, 8. 103, 1, 066661 68, 22. 11284, 18. ¹
12, 21. 104, 19, 107, 2. 108, 2, 24, 066611 6, 19.
29. 117, 5. 120, 27. 122, 1. 141, Densus Argiuorum rex 11 231, 2, 22.
25. 162, 8. 164, 20. 185, 8. 186, Daniel tempus que uenturus iuerat
15. 197, 4. 199, 1. 204, 25. 206, 5. 0666646666661616 Π 319, 22, 23.
227, 2. 246, 25. 260 6. 262, 6, 8, 066661666616 libertatem reddidit 11
12. 269, 4. 275, 18, 19. 281, 23. 302, 28, 30.
282, 18. 289, 10. 322, 19, 20. 327, 066666 II 123, 20.
13. 331, 7. 334, 25. 337, 17. 340, 0661611 91, 27, 31. 92, 5. 167, 19,
19. 342, 25. 344, 18. 348, 19. 350, 22. 202, 28. 203, 4, 7. 204, 10, 27.

16, 21. 351, 7. 352, 8, 15. 353, 2,
15. 361, 10. 376, 24, 28. 377 6.
379 s. 380 s. 3816. 384, 1, 6, 22.
386, 12, 25, 29. 387 s. 383 6. 389 6.
390 s. 394, 3. 396, 21. 397, 7. 399,
5. 400 6. 401, 14. 403, 3. 404, 11.
405, 1406, 26. 407 6. 408 6. 409 6.
410, 9. 416, 19. 421, 17. 422, 23.
423 s. 425 6. 426, 8,10, 28. 427, 5,

XXXX Aue. 66666 866116 V 6666 11.

msmsmemm
wmwsmsmmffi
ffifflwsmnwwsffln
msm4ffimemn
mmmumfflmm
mawewmffimss
mmmmmwmffl
memffiwmems
mm

45

 

