718 Index nominum

Methymnaeus u. Arion. 313, 1. 327,5,13,15.329, 19, 21.
11111111 103, 23. 330, 16, 17. 360, 6. 502 s. 503,
Michaeas 11 303, 26. 310, 23, 24. 17. 504, 10. 614, 4.
Milesius 11111111. 11111111 183, 14.
111111111111 u. Seuerus. 1111111111 285, 27. 327, 2.
11111111 104, 3. 269, 13. 284, 6, 22, 1111111111 1. Carthago.
24. 285, 25. 289, 21. 11111111 dene I 179, 3.
Minerua (u. Erichthonius, Iuppiter, Mycenae Ι 234, 1411286, 12(11111
ludnl 6, 22. 117, 7, 21. 175, 7. Agamemnon 1111).
176, 25. 178, 2. 188. 17. 248, 26. mysteria (u. Graeci) 1 103, 6. 303.
296, 10302, 9 (1 Varrone 11111 27 (de Varrone 11. 309 e. 310, 2.
11111111 deos commemorate, 11, 349,13.11289,101181111111111).
305, 18), 305, 12. 306, 23. 307, 2. 330, 4. 337, 6. 362, 9; 11. mysticus
825, 2 (11111111111111111 diee- 406, 14. 482, 4.
batum 11. u. 13). 343, 24 (idean
intellegi 1111 Plato, 11. 344, 2). 11111111 11 144, 24. 151, 23. 152, 4.
418, 5, 7, 8. 11 276, 23. (Tritonia, 157, 6. 185, 4.
1111111111 operum 111111111, (111 11111111 Syrna 11611,11.

11111111).’277, 13, 20, 25 (M. et Ν111111(11.8111111111111111111171.
Ν11111111111ς 11. 278 ι. 279, 20, 25) 1. 75, 9.
279, 13 (1111111111 11 Venere de Nathan 11 208, 2. 232, 23. 243, 26.

maio 11111 111111). 281, 27 (1111 244, 5.
1111111111). Ν111111111 11 194, 9.
Minue 11111, 2. Naum 11310, 20.
Minotaurus ΙΙ 283, 24. Neapolitea u. Dion.
Minturnenses 1. Murice. Nebruth 11 129. 19. 133, 15. 145,
miracula (u. martyres, prodigia) ΙΙ 17. 148, 18, 25.
508, 611139 a. 140 1. 289, 28. Ν1111Ι 293, 13.
291 1. 517-522. 524, 22. 532, 5. 1111111111(1.11111111)Ι80,3. 110.
589, 30. 590 1. 595 1. 22 1126 (11. 111, 8. 121111111-
111111111111111 149, 10 (ciues Romanoa denti seruiit). 174, 20, 21. 177, 23.
1111111 111111).5111111 Mithridaticum 208, 8. 302, 8 (inter deos 11111111
(u. Iuppiter) per quadraginta 11111 1 Varrone commemoratus). 314,
actum 1111258, 4. 14. 324, 19. 331, 11, 29. 333, 16.
Mitylenaeus n. Pittaeus. 334, 8, 12. 344, 3. 112821820-
Mons Seueri 136, 3. 11111 I 258, 4. 256, 24. 11 354. 16
111111 11111111111 31, 7. 34. 2. 40, (prima Christianorum pemecutie;
12. 47, 5. 11 376, 26. 382, 12. 11. 355, 19. 472, 31).
Moyses I 373, 9. 458, 15, 20, 24. Nilus ΙΙ 170, 6.
459, 12. 469, 21, 28. 568, 27. 645, Nineue 11 129 1. 339, 14, 21. 559,
18. 1146, 22. 88, 7. 120, 4. 133, 29. 551, 2. 561, 24.
27. 201, 4, 22. 202, 9, 20. 204, 1111111111 II 338, 25. 431, 11, 20.
24. 206, 1, 4. 281, 24. 276, 6. 280 1, 561, 14, 22.

 

