et rarum. 719

Ninus 1 169, 23, 27. Il 129, 13, 20. Ogygus II 276, 24, 30. 277, 7, 8,
144, 7. 159, 2, 24, 26. 268, 23. 12. 531, 4.
269, 14, 22. 270 4. 295, 5. 296, 18. Olympiacam certarnen ll 289, 5.
544, 18. Olympias 4. Leo.
Ninyss Π 270, 15. Olympus 1341, 10.ss 119, 14.
Ν4114544 Ι 172, 24. 173, 12. 178, 25. 04444 Assyriorum rer ΙΙ 293, 18.
Noe 1173, 15. 77, 23. 78, 3, 13, 20. Ophni 11 221, 7.
86, 23. 87, 27. 89, 18. 91, 18. 92, L. Opimius I 151, 8.
9. 95, 13. 100, 17, 24. 101, 22. 0111411788.189,1.191,17.336,14.
103, 2. 104,8. 105, 8, 9115, 3. 014441302, 8(aVsrrone intendens ¹
6. 116.16. 118, 5. 121, 13. 123 4. 44144544 commemoratum ci. 305.
124. 15. 127, 10. 128, 3. 129, 16. 22. 324, 19. 329, 26, 30; 334, 12, 20).
137, 18. 138, 28. 142, 27. 143, 20. Oreg 11 128, 18.
146,15.148,16, 28. 149, 3, 17. Oriens 1 164, 6. 170, 17, 238, 22.
150 s. 153, 26. 155, 5. 167, 19. 3114711132, 20. 140, 22. 144,
203, 12. 204, 17. 296, 17. 328, 6. 7, 159, 16. 268, 20. 269, 18. 296,
400, 9. 19. 335, 14. 356, 6.
Nosmrna 1197, 4. ‘uoluptas’ inter· Origenls de diabolo 4445411514 Π
pretatur Il, 105, 7. 548, 24.
Nola 4. Gothi. Paulinus. Orpheus 11 285, 27, 29. 300, 2.
Numa Pompilius 1 80, 18. 118, 4, 327, 2,
21. 119, 1. 120. 15. 122, 4, 20. Orthopolis Sicyoniorum re111275,19.
123,323.126,8,10.131,13. 191,ἱο444414111145411303,24,28.304,26.
20, 349, 23 (Ν 11514464 sacrorum 0444 rex II 297, 2.
444414 4444144 14444 44145445 544 4444 Osiris I 295, 23. 404, 8. 406, 9. 466,
Varro 441145· 5·.41 3504. 361, 25, 13, 16.
28 45 tubi idem de hydromantia, Oria ll 303, 20, 27. 304, 1. 2.
dicit. 1351 4. 352a). 11301, 121
304, 7. 11Ρ414445144 ΙΙ 170, 7, 41. 202, 9, 15,
Numantinum foedus Ι 148, 28. 1 23. 296, 24.
Numerio l 178, 19. 1Ρ41141114 Caesariensis 11610, 11.
Numitor (u. Rhea) Il 295, 8, 25. ΙΡ111144114441111111144 I 122, 3,
Numitorius post 1141144441 4145411441 , Ρ411411182,26.191.22.192,6. 295, 3.
14541115 1 154, 20. :Panes 11 110, 53 41. 283, 6.
Nymphae Ι 208, 12. 1Ρ4451144 1 7, 24.
,paradisus I 530 s. 631, 4. 639, 8.
Occidens 1 141, 4. 144, 23. 411, a* 411, 14, 14. 414 s. 414, 14, 14. 11
II 159, 16. 268, 20. 296, 19. l 25, 1028, 11, 24. 30, 13. 34, 23.
Oceanus 11 142, 20. 159, 14. 35, 15. 36, 1. 42, 19. 45, 6, 22.
On. Octauius consul post Marianam 47, 19. 49, 6. 53, 13, 21. 54, 23.
4145411414145411151154,17. 56, 11. 58, 6. 425, 12. 440, 4.
Oedipus 11141, 5. 498, 20. 499. 8, 26. 530, 18. 533,
0454 n. Hercules. 17. 545, 9. 635, 5.

 

